303924 
626378 175928 445595 304452 554562 121920 662848 127722 723369 455171 
103085 31397 12689 952799 227616 634624 216951 433133 476330 440884 
813689 698607 317176 224619 678325 647142 464318 723487 89600 811329 
756351 986017 537600 453039 352251 538614 297703 686165 101301 310620 
802188 181659 47839 322794 898727 193249 736164 550805 695721 734672 
536530 669967 699062 414923 921763 802633 269504 872899 131302 519449 
423169 759913 157711 412279 639701 494143 403031 211362 602033 141448 
308753 182560 440708 546526 442699 950498 395624 952610 94557 147333 
905797 707021 214865 666805 641027 723941 971566 55148 684969 907084 
972003 152344 966359 906611 28877 946523 229916 266667 899557 88364 
357813 691996 590601 984539 683619 233294 97189 615591 449573 412094 
482741 537053 445738 719195 95436 482931 155267 643920 750712 609860 
850949 339880 548865 82069 456736 57134 598257 423530 183737 550104 
711416 753862 735701 42321 236720 58942 694576 282722 791995 728505 
281134 77692 979721 419335 103849 226724 81526 671706 102121 596411 
519056 677029 231153 476649 184886 693967 815222 843814 272987 305748 
98603 209829 39146 730617 739319 896861 793732 202857 635336 389940 
438693 322737 807489 992778 327140 648213 809295 586272 352025 67341 
468505 725988 452249 154399 9302 674714 702428 928858 477560 928424 
179648 110508 96902 238718 651878 388705 125767 938144 714554 270520 
500506 257169 734865 735268 468131 498526 697515 674012 603936 287172 
522455 29727 395609 766974 809590 158408 564854 818096 305943 860873 
951786 214505 842626 913351 632333 676952 975056 480402 758728 977231 
368695 776575 421353 650156 1572 191012 548951 575721 87169 30512 
760415 240386 175574 688228 678444 404415 378763 913330 491350 43677 
123788 1200 191697 669853 754565 122297 296646 37992 197645 536481 
759487 747421 971423 836114 649851 700345 601986 336584 978657 673570 
553611 543269 506130 408016 54969 874161 196311 128216 136958 503986 
202489 715543 832669 144356 610160 912119 502958 97238 96563 239201 
594623 912417 502830 960127 191765 737221 968146 207020 686992 256225 
863622 294779 444780 308431 125051 277729 533667 719642 164317 766144 
855664 707037 351525 134096 861743 90809 218123 683244 217377 116402 
685145 862775 642571 469991 461531 877801 353085 12076 520627 897978 
973104 914885 666504 889449 656329 536706 15711 54761 648634 919346 
235202 45033 619912 282949 740380 74622 794279 791554 696551 111152 
457793 373217 779964 521502 473941 825414 615433 818702 608316 839642 
104737 906901 974408 796040 156014 890783 848069 233233 61633 247900 
90145 207693 971274 543432 774824 732095 878563 995221 799911 303635 
692166 794870 678258 385654 404895 940362 640770 36626 905341 374947 
675062 299749 47906 856435 364922 770429 935033 445139 590341 160850 
572391 587503 77180 531647 781114 574352 819316 322207 548158 525127 
297173 618560 13422 422195 40473 854215 867784 142960 249780 536992 
538937 980636 225230 736735 379704 608903 631467 675896 223535 512822 
84012 155607 889939 239380 671343 824477 95572 361334 694417 769273 
534960 171465 293779 301662 952163 465499 57434 63206 627129 66370 
825168 410051 988675 160557 572905 647453 590120 524613 602240 160846 
317971 467007 294047 372854 180042 801665 205726 991483 41247 373550 
953314 804256 463807 437200 695559 167873 218087 926433 488856 148904 
731127 600950 640891 910672 292639 292489 729322 391412 813877 34977 
553307 336914 240041 194208 107650 205697 823568 179305 923372 111148 
869596 757995 940492 975018 120173 993999 907603 637627 900800 387706 
328312 812898 792901 444095 747927 327258 47375 272100 690678 941622 
19109 690511 223522 531736 512885 627470 455032 650381 541928 208832 
763391 299204 850833 479778 270835 621481 974079 717242 567581 514723 
881137 884825 362269 647590 472681 222353 921994 639413 187353 920372 
511280 777720 40314 941892 570872 432693 741116 748412 389349 507566 
56984 677114 487482 690008 505217 624903 866874 347635 288376 972165 
793287 705930 15359 84916 918956 743369 594277 649504 789878 483958 
489088 809963 289405 499662 295545 944946 691968 781693 187457 701855 
194670 801592 550498 639435 339649 695291 233712 894797 812357 52314 
716766 147684 242231 199046 703212 449021 574664 293471 539582 985697 
588801 949104 345545 605181 225920 969227 217062 164111 130144 75394 
316745 601323 969463 682815 207115 968040 46328 314817 704290 616169 
182201 809652 100659 408651 652752 917291 65342 152424 115286 291196 
989944 147014 810061 546168 265206 468064 242782 270213 882565 385358 
379387 751066 689366 610643 623651 96983 295254 363523 898755 306175 
833820 655183 721466 537235 304828 277551 582709 610124 733497 792234 
586105 512244 945559 534341 155584 689313 157773 141574 641594 131023 
941657 76643 227828 730713 854766 330892 514710 257812 691273 113042 
143047 308360 943841 265202 49771 415820 735549 401922 374988 809725 
184671 598263 302486 40346 928222 94417 829692 320127 279121 739171 
838393 100540 63015 739587 682609 712466 176148 201802 850166 17417 
712614 49736 517926 308145 864758 224391 682033 64051 701305 667578 
607992 889298 8182 914819 661393 241540 141970 871262 111079 327655 
544647 989485 524030 349922 938419 928800 414165 205785 40781 339328 
245476 458188 910578 618713 485701 772813 861085 103106 58287 562844 
266678 366730 772957 965025 945601 473217 979213 732676 137207 84128 
907172 923948 534578 638294 31598 645907 578561 909616 232836 699459 
583260 969443 695494 29679 302897 948025 159944 347696 635932 206678 
906186 136667 268918 457190 599774 991035 347268 98726 385134 700464 
79889 81355 359766 167907 187798 625746 645805 884644 714773 499813 
986785 736931 245317 650919 86848 776136 369703 477149 24531 867247 
829495 615288 645285 168131 245950 196611 995169 926966 721796 757285 
387993 345562 40547 206292 596579 346527 834807 198871 504926 927850 
656050 869877 655762 608078 430348 159743 58486 76329 169175 204919 
185867 963614 309360 997340 993189 483946 788689 867795 47625 196645 
832964 454899 564082 62743 724850 218989 501358 184309 984602 152151 
477413 319607 506717 207123 186298 333847 863669 711584 468554 604839 
602118 945917 30930 341583 471181 3573 809709 941474 92213 493516 
873594 925021 922312 378692 271260 393275 838467 15500 629915 295608 
738114 454342 663784 18080 970202 338355 653565 365458 112901 264126 
823907 707542 377976 788066 353101 298200 233041 336568 528418 704897 
898540 27937 883288 146097 864661 86860 65787 33499 926167 935652 
530254 14204 602739 552409 938568 909753 578861 20170 164671 60116 
912192 608396 185123 547594 31665 362458 432864 876045 589248 982745 
277159 887385 416251 602950 273287 370869 96494 842174 112757 230088 
714421 368425 470250 465814 417074 159812 954027 756821 895449 965770 
957796 322224 933992 285247 452398 181975 256308 26969 586288 712129 
341471 152459 716769 817471 304678 702063 716715 962750 313751 961679 
913707 264217 608095 945807 307797 952409 160385 591099 314741 574282 
107939 310505 438992 602875 593603 512843 872233 794065 705031 731283 
570271 487752 422001 768131 954292 351304 282097 487312 84008 422048 
524244 924402 315267 158881 559835 583307 866610 193945 388646 548145 
632201 793003 726799 362970 218599 32136 621396 521059 728759 471244 
75948 828413 651795 753847 328954 823988 756163 580166 412959 406557 
393954 543341 902186 299036 449441 671348 511787 978127 519909 267435 
973541 648923 815692 16011 610209 474705 667085 327851 733215 93116 
288573 138523 829736 182089 854062 128353 768063 613971 803186 198350 
757493 568267 311677 318395 480988 142209 569384 377957 504339 601169 
148946 985187 631552 277100 759521 462656 124445 417474 601318 761 
650217 670729 995615 4500 994174 926317 350294 32602 759234 896660 
696422 782644 896567 847629 360541 489950 99118 634964 136957 109450 
579225 532228 956573 904979 592509 76058 168429 424220 50438 75361 
744983 656261 537012 895424 886848 130633 281140 880540 746989 767031 
47817 542827 135683 183115 302569 825558 328167 73065 118820 124426 
838468 896885 898687 887132 492138 361169 607263 443606 812051 603636 
174561 95395 966594 723300 952775 713362 225285 996496 577996 871690 
318617 995084 464280 472843 652716 890921 520143 328220 575677 109104 
692227 985431 433951 398907 338890 539021 178589 62321 709291 122071 
982968 335836 141938 787578 840716 763561 704291 850934 870161 868219 
947659 744556 164476 279020 621297 109417 196869 353889 676588 897555 
286340 550792 473294 370990 501941 257841 70462 817100 501850 709766 
86500 272719 383808 724904 510333 81564 306905 626024 81166 821150 
929864 450335 454005 958900 415100 442155 461146 669240 275444 14406 
932933 411373 584736 634628 975242 750020 952360 839017 711391 310219 
87942 182692 452238 96499 54414 629164 550213 150972 331726 763574 
574731 398911 570256 373520 397837 96920 230012 335837 173206 969965 
717594 647917 101150 954592 46262 515193 20985 366605 16668 160568 
532464 320896 154947 325920 879341 939126 473350 563068 663631 192462 
86733 878630 77214 561677 105738 129250 541720 120970 426783 112727 
576234 428924 770909 874667 816506 552606 109864 386809 610145 2876 
973430 428466 104246 38622 238262 206093 617030 73294 503245 610540 
98335 807046 580475 181773 917451 382651 762077 160489 32795 90688 
901451 937517 223577 322457 207073 70162 327007 992285 815707 350747 
75269 81670 351130 958250 62005 494425 708931 3264 468955 416172 
92231 960784 927865 921689 420925 561150 925911 971134 787370 948345 
59735 983213 614819 975025 71271 557111 178442 448887 354319 570512 
27828 802481 491114 203615 382763 603894 344881 5797 245135 370892 
637747 244167 819223 200827 130657 58425 482869 332173 819909 783625 
685720 803813 495123 103621 951883 77370 287320 217803 247226 30382 
571791 963051 432661 950031 20307 860474 904973 540649 553006 82742 
416892 398533 516239 71889 678945 165123 935130 12956 189384 283535 
683546 531153 733640 622787 919122 500349 647142 519577 623857 758664 
551128 713163 637603 471906 87972 917769 413956 230092 508965 234902 
648047 726080 387439 690112 76021 946623 776202 411066 427305 815349 
149211 48792 251480 424650 200929 829797 46807 487175 435866 114148 
610356 290979 141574 780066 394062 393002 133187 628468 932289 114889 
685015 539091 418873 768632 597005 815952 686312 357956 30966 996853 
809938 714680 506320 61690 156613 532903 337925 801377 504103 817369 
951114 308655 597160 611920 40168 576839 974870 762357 148248 525540 
100110 347492 702406 620786 290640 510545 628664 527562 399340 661013 
668808 172681 924185 413081 161741 902475 177829 478557 67224 994505 
236294 219110 830362 80524 103694 330370 369635 524045 823805 222585 
673861 720684 587952 19794 450263 984136 768184 430207 122005 313473 
378630 16742 911461 923336 455490 774668 27700 711583 320826 763040 
958143 5618 356343 681186 420718 494738 762284 733550 817434 302218 
941512 882345 249456 949024 706026 15623 981101 776426 804596 803766 
607241 783241 146616 911210 518128 554951 852944 816582 899307 59721 
415370 364132 291166 400112 534591 263489 275498 378834 854085 201672 
10354 984784 11002 99897 808763 400596 860353 948598 178797 768746 
353161 204010 263222 745335 426121 126550 690446 453274 998280 240313 
678677 401693 160088 576924 117720 439703 148387 977911 896562 209890 
440605 945155 385295 246133 431129 357725 462284 6493 138040 501716 
416698 72733 844475 5967 334274 727646 481018 421726 599266 918804 
137390 630683 732949 306736 487464 545660 730065 580283 325925 612281 
522730 249622 701816 708116 421972 452043 97959 93962 670086 372431 
952851 910484 438265 47766 650702 386330 470927 159187 436305 17781 
373201 369675 299845 293215 735569 887061 474495 940858 610158 802224 
77065 369977 229366 244289 353499 310767 273702 505127 94121 43122 
285132 912253 689110 560363 358669 362475 220294 100670 892995 510761 
613713 309264 290750 327058 307987 144697 477932 166432 155296 621640 
50259 841994 122133 870829 786618 823671 173065 256199 923624 990877 
126051 148107 503300 465339 504005 727757 627291 926575 69030 368942 
378433 64117 814014 543651 852430 480892 143194 340254 778762 836262 
330319 181723 409123 739869 225931 255112 18138 177421 88263 496209 
608190 947905 483672 850696 749329 113949 611877 271790 758343 362550 
506931 153248 525484 640073 647580 498017 442021 956383 770911 535360 
814798 115259 114001 480614 236163 609084 425968 943166 598331 783318 
635991 941377 798798 684071 133518 51421 789591 131641 661497 182209 
55092 184147 672433 798600 389674 536892 877040 770879 645798 144461 
2726 73685 549214 127409 191592 771038 31190 917309 151432 949059 
350079 896550 173311 548426 516089 53283 301575 415230 9721 419040 
628038 398203 553158 939867 753380 262168 975838 780447 677373 103985 
448309 282075 300850 653263 581341 572831 265370 98999 257665 473202 
236374 71884 366539 156306 556675 570081 620646 229129 320392 764767 
722845 783272 379790 65103 441058 154467 711504 123781 941483 264520 
522568 573994 569783 112798 521545 271332 126831 662230 144619 881828 
187751 794480 405408 968139 313283 920685 220517 545722 469046 168108 
867797 982965 773478 24868 661463 62002 216172 366269 932088 250308 
286007 523019 891603 657503 327248 715496 117293 549383 386424 762476 
574045 824282 771949 795531 39144 552694 390988 267980 978795 356424 
546320 340770 469873 937842 106616 999145 752229 450904 285255 126014 
89697 626824 734885 974075 215460 937027 571875 929678 925091 82156 
45148 789429 189622 365452 954998 856536 961203 568256 511176 144514 
389400 53504 463766 701501 977313 334860 599799 419658 89402 262197 
947544 313530 840975 907077 11609 894188 996287 229388 117332 563363 
700910 905224 676479 409987 729209 78192 598119 597673 86725 163293 
746972 727908 874224 202389 933164 573395 724265 624182 540231 636123 
566876 554492 593474 128517 668101 679791 902711 151667 331110 871404 
211657 517757 371092 182733 244229 344237 337899 83000 651300 714706 
477985 122113 349741 453253 238584 581757 73655 91894 209613 449956 
70540 703473 766478 908898 416809 333747 778249 905210 210531 833635 
993247 878935 147299 374319 29911 399281 91154 993156 644494 865368 
95439 839785 745165 103392 589789 705657 11699 299882 793114 596219 
362641 540042 90282 294560 347732 263066 956851 557912 924765 34779 
950016 148689 918253 459458 783881 735117 72316 288295 894474 879006 
998120 656646 650895 45377 985035 949103 228369 208405 350053 331664 
371386 194038 527352 654109 864453 165626 468659 48857 827009 79815 
284358 301060 400564 59599 862036 70945 209116 672746 687303 329955 
755281 149647 861501 185651 510598 504238 450335 100001 715630 593836 
500179 989220 732475 143099 318599 972175 767617 171093 750510 186131 
600506 541398 1288 337963 49058 806132 783641 63208 926915 319068 
839291 952921 640395 444585 946127 26518 650264 465475 822479 16105 
85270 120786 987839 780442 820480 504222 811330 57878 669634 929221 
273545 27323 235263 593047 525926 225923 289838 706962 112767 832842 
52831 79861 806366 756541 441756 53891 922340 284577 516011 713686 
214941 736445 607855 574748 850287 168422 697197 545843 634349 327589 
875245 233309 763913 994630 172279 500448 202085 96320 885052 753597 
513034 560636 618455 635466 526642 436868 100840 79086 969407 394825 
223648 180665 165519 960144 428252 929054 13159 784251 841576 387213 
750028 930736 966884 786737 648048 167976 456836 781827 714122 62742 
476273 483401 209854 397169 366797 789359 17852 380320 56275 697600 
900517 807490 298909 556545 522791 201367 805120 25258 873961 475278 
523666 523970 302050 783147 292556 879766 363589 696404 49546 224981 
233750 97017 143919 226379 297696 779934 42149 364344 284927 764935 
952706 782029 480600 139007 249478 635266 706985 14660 72897 112662 
768571 872146 962193 494244 567348 913482 749385 939231 86857 94847 
676590 385642 877584 977374 501595 565655 415731 198647 948932 881273 
71873 911020 91095 557543 515294 857269 390526 946896 446811 843213 
689473 857974 938656 307644 7561 394441 976070 93506 532352 372833 
553345 266205 353427 596438 413435 501495 518105 688063 180860 92080 
227021 572806 748804 721155 172983 326693 1915 948631 273130 418623 
341631 323044 817062 279517 702237 90816 222941 182723 719388 617926 
596947 802671 40050 572321 996766 293677 375450 288058 227213 948442 
858301 709436 977829 572147 494221 722432 818887 3416 51569 922970 
980653 159075 350554 759167 596307 118879 125173 845458 294578 152295 
7097 466185 766887 207837 695520 81216 546483 534595 748146 457626 
132379 324025 724156 521488 204976 77075 96096 779800 282537 394326 
487750 513074 642476 689552 688624 123089 633452 588049 510252 589413 
3691 290506 331298 97473 6689 874496 711629 248750 888373 701612 
575623 254859 146408 631602 214588 178015 958545 852476 80896 444349 
521026 223795 601597 581267 554058 462106 715333 607823 795220 619398 
256390 361901 527597 873150 412571 144034 208483 287723 261311 391006 
188744 880699 819548 615490 160662 503961 381442 564062 941101 257217 
945075 358245 428087 775490 583642 851184 710572 791828 517660 285995 
987825 458451 600840 657056 687964 264728 635880 704990 790866 249074 
761657 107461 480786 139334 11510 223665 567434 743552 520016 238977 
670119 929653 230843 909059 455978 990295 726690 199614 397813 461524 
99899 809115 407206 792203 247860 372784 110042 84715 201676 505770 
328339 66730 1087 462167 728180 151519 121434 899598 993641 951806 
5164 588731 716643 710061 155357 875339 851457 631623 174360 289840 
163978 871404 947876 726289 707991 671170 364049 598546 263630 612493 
701325 788859 247496 873255 395670 17607 689556 467676 318473 641099 
569429 953892 44826 393729 434950 58173 149597 419697 796702 259941 
22528 928571 430479 344817 323867 262339 160040 516045 911072 303993 
62170 427473 54893 939332 946263 499580 403841 273738 613014 615247 
784458 282846 695540 499144 445660 946375 317492 805754 467006 876905 
713383 438213 933727 600851 901863 397240 230246 264420 207357 369023 
926823 997338 696418 385994 127985 874425 169187 156477 259588 443348 
829597 647949 197792 973050 25448 822334 426936 329408 775440 338870 
538309 20328 373567 197500 39032 212203 98422 644947 522055 222504 
14586 811501 111273 317289 509899 768014 939868 651534 322127 410622 
92963 985432 242254 820074 40974 267860 364502 996952 282993 531425 
609919 115205 592311 770528 788233 151710 549135 623224 269665 389527 
139268 745795 997635 962922 262634 882137 788793 858671 968884 3767 
271937 98964 270947 187467 1164 447802 62233 428702 816547 502189 
257484 755870 425189 225533 957461 22471 837227 519677 973032 391406 
881420 645848 618782 243818 662012 342219 730798 268639 913743 601538 
16443 315944 889308 635795 92935 342176 819836 993681 240645 435470 
847538 778126 717131 181675 85348 159409 596710 209232 611399 214639 
562248 690944 549210 264105 980828 96144 170569 261346 557562 698991 
909745 686748 201014 724374 560259 610958 837395 973197 863106 952579 
258197 653590 14886 831121 471860 884666 276515 615029 806764 918895 
659715 291976 460786 21539 414448 822368 189441 379624 440974 401542 
634129 824892 103237 874319 477993 624371 87964 748057 966924 851459 
661440 731876 89807 249644 326373 892810 492554 530754 596164 127772 
216045 666201 334082 562459 433450 546123 515953 286160 791120 280488 
201519 183304 127160 219707 431980 974384 420376 719797 465098 833673 
880692 315193 342429 12999 936757 711811 970449 227404 160722 975157 
649835 612092 947051 266432 71848 498364 496116 315691 767809 634764 
676622 835011 543952 639230 373041 549472 894860 742483 780038 127503 
971121 392113 243538 478753 725051 107202 408908 249679 355984 763691 
595663 84360 675005 852903 495658 913114 194265 886848 960853 992248 
703622 156458 537279 583982 689365 178684 73410 321182 268937 13515 
22392 925685 369012 298469 313383 326832 698430 596455 83031 553605 
588805 587900 284613 718831 884894 779506 356592 825241 289784 612666 
415696 40614 859809 677756 444454 908571 159907 789909 377135 375338 
900998 70894 125298 175388 165305 718970 394361 599385 110539 230219 
630044 662359 126868 195858 437560 330909 561457 270769 849471 983859 
80619 351679 701033 483752 88825 206871 123529 312704 352860 133981 
394362 570232 700968 737999 704184 549430 616739 956931 837323 12882 
843270 911107 547293 673979 806816 991553 645037 429127 482778 259193 
141980 150747 226965 393698 173477 865331 413295 184144 285610 903183 
553253 174313 949865 948859 791571 417409 15885 401785 767510 593301 
551585 403084 430162 550881 779871 852324 278095 257566 744231 690401 
197758 751772 989963 812933 745306 179895 129863 619195 744682 793849 
300942 299966 512355 83532 415615 810152 941609 172570 321398 862616 
716790 81859 129471 687806 795092 982650 946982 838470 612228 724732 
889962 618526 438977 247854 289104 23782 429790 714835 453331 449843 
659212 432039 733817 293248 817528 685914 168192 746482 942929 822636 
512888 406470 531303 639009 580202 620378 82671 161634 202614 126997 
417763 97328 481147 203379 546374 139205 180014 490032 207813 529545 
805069 21712 201849 203054 931758 865289 409737 791656 641777 971023 
352749 563404 197716 962490 126541 555524 447653 526613 191367 585645 
374226 98053 614032 275597 259420 577364 512754 343540 30314 784345 
564083 133678 234362 470150 584022 506657 796338 959054 277947 1290 
620437 742192 375905 85070 981329 46821 571020 770176 184629 668962 
783874 356974 382911 477834 161519 501096 99731 803380 360232 436623 
970120 189332 546060 371541 752541 959560 876679 235606 157321 644289 
915632 820178 478832 430796 785426 732423 723505 338940 228360 512487 
492764 757686 451137 45755 6977 674969 516452 650324 751076 627336 
916493 730409 337228 536277 125300 430738 227131 95947 760623 998432 
975607 63128 986894 857622 145863 815061 695588 710920 91578 829236 
289701 11151 206368 572869 582571 678375 345244 159781 976595 229 
589329 296771 725764 104471 643002 518736 205583 140218 403414 1091 
657714 501714 436928 707718 74807 819690 245660 534720 889658 786152 
407150 894144 274759 402380 305412 504514 644641 461957 623764 719457 
333024 109296 771168 409434 875954 881582 447957 673785 601410 953632 
115380 175715 468405 473922 874343 477375 319249 37601 732597 93121 
320248 480122 855185 491603 276050 187569 407053 981474 747402 732010 
702252 141635 347695 203208 47252 311617 58618 940224 725346 903557 
16111 287513 238552 991584 108380 134274 875826 616823 71550 789839 
219990 214603 844227 342674 666473 735011 237163 374546 386302 203993 
266568 668843 473001 453759 86052 676098 943794 10092 963329 936674 
716197 827942 23035 897592 250438 488941 233290 883047 893603 983010 
373220 257929 482689 135443 581183 687043 884472 587492 6900 102724 
573339 248730 491903 8218 926799 427335 460963 63665 472573 117454 
421226 182248 239650 63122 660810 773457 467459 835583 311652 373381 
620350 447732 33253 661474 424444 799116 924687 433251 236355 451016 
911122 566298 367400 575514 494676 266060 562273 736081 827920 648233 
921913 376476 399322 630118 880284 749500 835456 424185 118418 640330 
689613 869936 514313 923170 594919 59567 866314 985131 758872 382916 
621134 392196 518697 905001 590826 710349 21418 891989 527653 313551 
628047 568383 528938 701513 260341 582704 343321 652632 16450 329475 
898231 280962 749161 538108 411398 425119 737613 847811 799856 825828 
876861 20156 152925 681165 23262 778436 808740 10023 606758 355145 
655005 913719 598724 462406 167381 217162 775198 959578 72347 931802 
674226 650948 874551 635610 861982 405629 384314 177375 84539 921714 
363249 707690 924643 907421 886707 130646 851795 522431 225370 53914 
614444 256956 96078 387388 646484 714450 661948 912083 15481 318647 
936806 30647 397173 174351 907349 443079 502157 352839 655977 786518 
158036 535697 863953 658739 775725 91068 419349 100947 176430 956271 
644112 633757 46495 278082 916028 96146 156705 783544 889318 257367 
482219 339741 378240 202721 11696 28280 486805 1212 768989 775342 
276311 523256 479102 312115 7956 604080 235008 905645 369351 756088 
431057 804647 455179 788834 895012 283118 288746 74861 30992 906380 
87444 858316 565592 741342 11819 93710 87429 568404 18747 847022 
839728 177221 820615 157817 461724 462253 626495 9432 238847 951428 
731853 731129 84001 156027 268750 988190 614942 128662 166430 331714 
677702 177313 16908 266979 208227 528912 686637 638449 674458 587255 
495692 36497 28650 534754 400383 869198 386002 640978 223828 523613 
998799 536085 432491 854411 350083 182912 26653 907333 139505 210892 
67098 929475 632037 256843 167057 148243 546609 127301 517640 851070 
327569 238579 164491 209945 645232 74327 695681 643049 747844 13366 
408026 845491 928980 126068 370980 764640 322265 800394 694141 835594 
663746 200165 205539 106214 260114 555422 977703 639374 625253 8274 
376320 962665 297104 123742 30524 806073 105829 755449 685521 390592 
622038 20398 142802 818832 196977 294836 761661 164654 911881 619308 
561009 96226 323573 966070 422077 824414 543538 143855 72915 612168 
121700 136715 934811 1126 654009 739852 489316 159717 746350 782429 
79669 490758 336491 225805 45890 71718 509322 295275 767546 519080 
822902 354042 959293 613505 675629 271249 389355 745055 398887 459154 
412248 161271 144273 264772 488859 653098 483378 606288 147525 552083 
757615 690325 801263 987951 356073 960104 246829 400234 906052 481771 
529439 290562 687619 943176 786533 656090 138063 139339 969778 597405 
77719 835098 519482 347917 557009 273617 915973 698919 77598 105790 
320421 857205 116043 41334 752644 860208 765043 78482 3863 278479 
469699 520010 37615 587184 850838 288299 380206 14818 166718 860856 
112598 137293 199588 828251 177853 817023 893703 265030 92317 49811 
583520 618411 718728 977408 473510 760852 631992 714043 606253 417759 
847556 531082 977962 250202 267759 930215 315473 58487 968795 422156 
359519 869420 770843 919329 349236 819626 653734 604288 184664 151543 
150439 456161 231006 886378 844656 940391 493478 855043 451407 811334 
753532 367204 352697 197455 339997 919792 839331 982105 787610 596607 
833776 53262 943446 674171 259781 10447 626921 509914 321400 332997 
85159 578168 293862 301701 597243 90064 544611 367071 178988 513366 
171212 424772 157186 720180 51385 493137 688961 782176 741967 813052 
333908 571159 884722 7066 542534 80760 282391 229962 475497 592255 
463415 600834 236697 211868 132383 617844 288922 154863 722021 404828 
261406 494499 68405 329129 73636 639652 490761 544645 160058 672446 
198775 546051 301987 17364 298148 65188 844819 599353 847318 781894 
944279 285870 341287 207338 897297 591545 828950 151200 176545 899998 
854008 678673 999264 348157 672268 948137 766278 839111 431915 188703 
743083 661726 114014 220386 205994 254601 896522 398177 164770 592144 
886534 348407 33430 243450 507149 185842 549876 665889 898063 520447 
759155 771055 21026 740531 874325 18423 368726 473656 641420 844658 
997221 414162 500345 335700 75913 935501 424207 676746 263976 451461 
257494 542483 700075 91857 704076 123192 869356 545229 550694 375401 
266701 171651 819572 963510 773030 889270 541154 184870 251734 575050 
822746 603320 253179 97235 695559 824692 41980 213304 378165 353452 
831107 458500 126548 128916 100488 634313 870812 83643 999113 914289 
239562 20389 19478 259426 308168 97287 574024 586957 444970 599647 
479890 695316 677205 590765 94511 281301 288122 686865 448635 157208 
458432 635138 82014 904721 18112 518952 966115 11089 510890 459544 
223718 797776 835396 156777 406316 810191 66195 962167 566797 278573 
627602 515188 396428 421064 844831 232550 982023 102862 83637 510273 
617801 313247 595412 889057 214077 331232 506877 206115 912318 921887 
370265 425889 379081 382238 564602 277897 501652 942078 228601 552602 
785208 709834 397949 722362 285257 341148 638237 406518 661574 72752 
406429 302614 587820 876995 315157 337180 116197 958503 702896 295642 
920606 668518 171855 744877 865206 339088 574797 409625 191569 301540 
982750 238786 333837 648471 157840 228293 243212 142659 396980 226033 
122352 676463 657238 665253 659558 20791 185511 123271 440024 166168 
968380 300766 85702 808474 35119 952013 40815 144730 310307 655021 
681641 942131 973926 5126 80592 267145 928879 315689 237403 64754 
956870 871660 52618 75008 327491 140483 432252 148527 132782 318263 
349405 407272 369925 773190 287804 364272 783389 337688 142970 528752 
378656 619609 430814 67169 615797 883447 22342 766291 649149 987130 
827832 73499 296184 703674 51095 477719 833352 55618 5489 721695 
148750 671168 682933 749706 706097 542245 433730 428506 495229 720735 
709338 792005 42343 622640 220469 247265 465903 198891 490546 625899 
269022 660043 493352 107123 878575 70192 819483 648296 2570 827767 
187275 529340 900907 429108 311078 113715 41505 788239 786781 324686 
558003 468408 9107 932622 267037 50632 387890 821863 185976 141366 
833688 293443 904247 279346 688303 231599 270989 101793 626971 246310 
119469 863542 966348 12920 667625 772073 906419 489431 496124 691799 
767376 516606 318307 373750 460202 511103 166117 784307 842072 455527 
822004 338986 972413 853583 435308 713473 437073 62850 392888 979746 
755865 458566 753556 468499 310713 551433 823724 349491 392096 752361 
90147 368339 711585 622560 718257 812078 55138 225227 746916 865927 
760301 714709 316295 436958 13220 101316 680416 502670 757457 615648 
975058 125318 219227 727547 244387 671650 844885 834146 971096 980581 
966897 269599 98813 992981 394770 825255 724865 820275 740479 518375 
889789 207318 583411 962790 888341 678435 604049 760406 334903 923371 
556532 837373 747841 215521 910565 318779 839231 288630 402406 579127 
201490 456531 30571 776938 175340 177906 735144 223047 549047 677210 
935749 152390 694293 570997 561007 693836 514 7183 995592 909049 
196822 888493 289918 535757 322599 767112 607289 272695 937932 736421 
777198 502908 553404 859282 882001 242945 918420 925695 393255 544181 
239479 668598 260665 362909 574544 559288 177125 635581 290675 525046 
713678 197984 609889 196521 773427 122309 769898 579726 857181 777190 
637741 119425 513714 505125 19387 145653 284903 938518 756890 514958 
133139 514915 66085 836635 179806 77344 139921 392883 289368 905580 
540554 602027 2790 275840 61819 165553 561879 167959 341869 67400 
718612 990074 803591 681568 863222 136999 812851 313489 257330 944349 
148129 314804 850479 394439 663909 266910 659385 584514 439420 181050 
239693 805773 192812 922946 847956 327052 130825 452634 578413 708985 
538451 129097 932835 733160 987389 333524 229822 866549 87177 22457 
277749 543756 224462 113349 9601 745428 777308 490898 839564 332345 
409590 981281 103816 801044 773054 441423 349533 45946 5742 839799 
892730 45022 219714 293157 335565 636259 774644 644082 815309 464130 
528799 91201 682228 275413 236933 858708 845579 822334 888428 811276 
169821 242614 718819 448699 232397 103478 24034 983016 578244 108923 
1487 368926 520898 123834 480285 466161 831446 636448 78223 521102 
204712 831876 402587 351038 478196 649452 832617 332279 713553 777081 
609530 389983 76207 473904 717094 45982 800032 309797 264957 624862 
815821 599174 975 632610 152073 967233 315144 472064 542402 476307 
826739 127676 314195 404398 274975 376003 447415 843591 776479 430721 
915737 900729 606762 128287 124359 348761 527395 621020 424004 291671 
593780 338951 792252 896781 826963 675478 667858 200103 785895 548583 
35222 8368 83715 167760 50706 509749 967376 536740 469315 128023 
925002 667653 191973 715251 993441 407713 583591 310822 980927 316171 
78270 171903 798249 862838 792278 554053 801983 437072 653986 169633 
592861 830073 173972 498538 594084 374302 432105 203531 572883 447094 
264348 786707 193422 898521 426362 650329 483713 524856 232021 202762 
792094 976061 691666 873617 44546 186816 242142 668961 41973 256098 
319101 520482 729424 205898 149763 801141 728761 203322 66203 226790 
539722 832653 906756 152941 192977 232463 311772 439457 917616 52473 
850197 966650 159075 370631 394180 853441 307361 79224 231000 211094 
872604 47074 758695 7326 345955 99887 553572 951175 372903 541176 
795949 789881 595995 628476 659265 337562 410804 683708 615951 297278 
579216 410807 439401 468906 440627 334973 160023 505795 126636 482930 
996232 813016 757270 472930 207908 214281 892218 207035 110077 660882 
244946 323435 932451 578231 577640 80535 577174 391566 641629 526325 
405526 38244 369798 750726 357399 714957 389297 887923 451601 653068 
73029 466307 212595 546842 86151 306359 574071 413591 338553 667651 
134417 298954 61213 297769 105089 67735 614039 141746 950728 808508 
798576 806732 806199 787207 741431 276027 433570 319320 944514 554877 
776628 59726 990994 208895 376092 198929 26004 689013 23525 76476 
224580 584282 322916 126885 713068 247492 666762 447562 249547 708194 
98649 814169 73873 141334 818932 500508 67333 583209 132303 201855 
33033 800175 278853 326655 499638 345336 57096 948017 878177 193904 
331826 745260 303039 623252 561082 599701 805989 744657 683523 81541 
373607 829819 418191 61401 511394 704614 705041 850069 256278 636645 
695776 768373 896555 212765 209223 678610 754836 442117 84665 639598 
333841 818364 771874 721180 462094 377222 152 21966 145769 429220 
61104 831677 668561 630480 720942 661295 347338 338834 747412 892200 
705677 310274 687835 55791 73867 154267 528768 517435 534546 381623 
116469 849275 302857 649388 765432 80767 824533 746947 20097 137350 
168414 785042 706773 51044 316972 235189 988664 103184 279083 501357 
293183 223304 47757 303060 295235 525153 262990 323836 162994 548270 
421843 748196 819775 705868 123500 41302 105274 958857 994616 731232 
591994 491695 186344 991021 377142 20592 161244 504831 800435 929199 
567593 882635 525400 953001 881596 398960 801053 851902 386904 589205 
682338 89760 56443 735967 241820 307287 378527 916749 358954 774638 
612636 203376 10501 507645 676394 236361 463190 310036 737220 581825 
696162 846721 486249 632895 516128 909439 69308 969834 750060 651451 
88332 898043 470612 375491 255021 542333 823951 510606 575749 678116 
424973 77154 991715 415943 960296 136550 416841 110972 43002 778884 
243722 955855 793162 177146 119566 972062 655710 884030 632563 306516 
646004 496332 395406 455488 737739 752013 265423 119697 219612 347621 
402243 627825 335974 948313 95026 270010 501671 640156 117160 976345 
388070 534261 771601 144318 626541 62670 122813 342973 265365 755547 
729604 774596 13817 607012 718275 334841 733068 188209 471428 707184 
625287 232850 843068 548102 985403 25352 529837 149213 455492 211219 
282348 346164 639198 299929 599549 56353 53329 689264 118938 366062 
455112 169992 134483 700238 477376 448760 147407 517946 155804 713955 
682352 40749 529749 829703 4437 371384 264718 917282 980089 936514 
994757 527681 315256 345504 550437 454694 200370 422541 602425 685909 
703560 500870 877628 936315 509380 662469 496524 616636 82837 721559 
216956 719191 324151 761500 845448 643704 605169 748571 673124 502427 
557688 341055 380781 662103 173617 179763 304513 481999 830356 261013 
19114 540016 152684 894553 243765 206823 917498 515517 890721 364899 
132409 333284 127347 600514 280765 698642 39975 986459 754357 551299 
756096 391015 625039 211496 807872 990092 781434 518655 461684 892679 
280071 219917 320807 672758 476841 420859 956023 242624 710811 203147 
505604 71714 726497 486325 557252 915350 604262 219810 715059 888673 
11780 624900 918312 850618 118051 708496 327235 453970 93176 602521 
431043 755141 724591 178314 818420 563291 988644 971520 248965 382010 
338250 433858 764279 962732 648878 211102 456690 236489 842518 5089 
22130 547457 538307 762802 261598 543816 242262 12747 461113 243678 
716111 649237 722417 633274 284208 239776 910613 49234 504192 938108 
963940 306442 299819 664438 361536 90102 865863 438258 559938 30542 
399217 404770 139879 239021 78102 807712 731879 401670 153102 310382 
863462 381988 479778 467079 910020 99099 684590 213345 163791 126992 
123297 364546 150872 862306 602914 231804 326435 537652 428173 849607 
570808 851225 733403 639033 555670 602138 227040 294372 160327 87398 
74669 830284 219919 792343 818325 949955 187390 234909 561997 774627 
230373 444681 708973 388200 402469 696632 848211 571176 613346 110426 
579879 194927 130263 458462 369336 679483 958020 648636 787653 571921 
326082 46814 984408 289594 128886 172908 649037 229533 535972 579314 
802545 630586 150939 811249 233158 835264 564558 964927 432226 935372 
257603 570523 162102 973056 981156 703249 549676 907195 834803 399366 
959338 245818 200603 83553 441972 227595 221921 353238 612782 677033 
870522 709968 304510 495289 716661 914555 632400 522976 113433 369323 
215923 618687 961481 840940 256481 964364 268132 985511 797084 1678 
231594 312621 745907 968564 926167 455651 827364 747795 814292 38922 
843355 627323 961667 655722 29401 454900 26296 990235 849904 781530 
942024 752496 826346 910802 146681 886528 868682 323752 714520 412306 
151850 24583 281130 468836 551235 451860 845178 693144 527051 795559 
762129 973436 33337 919974 753540 527221 443364 594560 423591 248583 
322121 199171 231328 21890 620523 875419 633366 981197 942869 263400 
803591 979976 605371 832442 278457 384225 606719 991084 649160 838901 
562063 229466 915166 520672 930731 162624 942209 911523 959940 210736 
178311 768561 717120 586991 828772 80662 537114 375277 203940 652228 
743271 492256 967604 423932 536691 167804 625306 678805 939658 178513 
938309 796012 713106 460928 161598 148329 910102 811291 981886 34217 
609629 154649 64026 84429 248313 68786 711834 736095 224796 987293 
178919 978140 17635 827044 134050 804962 599607 497632 738385 275255 
369673 998039 573684 843699 473210 822126 552182 782924 229213 973004 
933695 169212 292564 663054 130470 788561 141846 488736 925892 967568 
25683 647742 8356 178119 815214 200264 796054 566958 645545 562811 
343266 99321 915231 788498 923610 998141 177258 149368 794441 745532 
392869 58088 513287 266959 708939 65379 921710 859567 999486 976845 
541927 655647 849956 638501 973470 973242 831916 166751 668884 298453 
744174 805728 313938 212944 162801 523093 262459 221694 762822 447601 
466363 264814 849425 605697 177244 444822 356199 265645 823479 908507 
576787 734093 670215 866944 709299 885093 60441 206568 377280 774527 
510879 678153 10859 312740 832548 867183 275042 859318 187547 960682 
904113 319405 247376 348758 147334 959020 441024 81413 785741 231551 
503492 215819 424058 942643 559271 371173 788709 14034 304153 816774 
188750 287034 824829 928064 728066 700121 545757 216780 732695 86728 
770173 368054 64657 573248 483277 135591 940711 662781 523127 322128 
344607 643886 801049 235377 811798 91989 38221 328451 660764 205633 
656931 5256 31292 302374 76592 548717 208217 129366 172095 241944 
846323 426974 920998 632596 86601 916351 88564 988950 36697 194056 
417031 188652 725763 651213 807738 758465 67979 266629 789691 757839 
907453 485957 196410 789473 144299 338389 310525 12932 434130 618796 
942416 429898 969051 649934 260634 247738 182397 924926 880844 752087 
193727 317280 740274 132363 3355 301232 848363 642992 716159 366041 
318966 528956 629741 68979 185442 298822 859393 814748 831208 258041 
375507 33585 622164 179988 897394 911274 368093 935963 848657 648080 
219926 131870 59710 485147 847805 609955 411149 397548 718385 169906 
607187 286179 688257 749310 586702 817758 660448 325931 712674 239247 
249268 169344 762878 372089 366733 870443 652957 684103 821875 676331 
345897 874633 595352 339934 279354 151116 565868 135655 704059 327444 
305231 481211 720942 647736 208866 158345 451334 657690 420855 202244 
629745 634498 109862 829326 890425 795991 544193 746818 805056 683129 
396895 675038 936937 648061 485909 216459 257750 709574 379459 904715 
197451 988029 917066 677886 478001 806060 120475 851793 81463 141500 
743211 994436 539795 5321 270786 725397 359910 793247 972851 472078 
239614 464660 374182 53544 272949 346242 749329 741915 158518 445726 
338437 377155 389536 912314 511781 352240 786755 22291 842801 659914 
358279 548056 881920 894303 291371 432056 157580 305163 17003 797414 
158887 883907 854524 84524 973708 447038 636273 42025 185872 966016 
976447 367849 966264 883716 294237 526367 149796 460037 116805 948865 
312488 143465 236184 420352 647483 511243 800990 531619 924872 424803 
665195 292607 367074 577172 381149 268309 612565 869522 101953 526728 
664791 324654 328341 310905 305630 159360 840808 312065 896139 78000 
693342 596362 663427 407072 614992 833546 934879 776442 470736 217437 
109177 694033 521162 858495 724263 562806 583237 352099 508292 391130 
752265 901874 490089 504859 449179 824419 581179 95213 467556 395251 
848222 886630 783216 909058 188552 46693 619665 585802 427568 913184 
551268 376188 900516 648777 447723 831737 221370 784541 934809 22953 
787423 147465 711853 513724 681995 436089 808374 233595 384661 672766 
847733 490442 129250 218266 167391 978428 128697 234603 87937 21075 
506354 404403 126654 137746 94797 820416 477300 809345 584608 293820 
322621 927997 488232 226579 784913 456057 177599 58492 349577 615509 
993518 280039 711422 656473 105434 150593 606992 94286 63067 618343 
498179 807417 399274 379172 979203 669493 312184 796264 531208 735788 
757787 151752 711252 665009 872483 240812 912986 284925 332747 635738 
95865 399493 826380 144604 315941 441396 987083 328911 12071 499274 
355698 808139 621498 412625 732571 839850 788694 792759 412585 464055 
43915 479181 57649 87349 316419 27163 213142 841673 136682 367069 
826739 812101 633193 398942 835760 632209 175757 420080 620791 735736 
120327 653957 138113 612876 130444 469998 610122 595575 982685 90925 
628067 796704 619617 344056 587430 301046 740909 596557 538243 501340 
25190 22060 482745 828593 540990 950966 717537 276731 662938 604704 
730916 189167 943956 499604 151757 929951 866524 808740 610297 971008 
52025 290603 474155 468247 175534 105922 225340 155328 520631 239068 
138160 622747 27954 199999 811171 287123 282779 3808 508578 995852 
96048 117145 868502 821289 79283 715209 970010 900023 64334 505288 
925742 352249 582864 167173 698181 781136 764693 596863 420345 363463 
829509 817180 127135 883577 810483 920233 214004 302623 429477 213999 
386678 168890 117811 348718 744079 801689 431688 808697 818348 133896 
398022 501165 806125 991637 41286 723407 686389 137280 623804 616705 
595552 614398 496377 869537 768212 137770 479627 376447 166832 39689 
924479 187512 538530 351288 495815 963572 784277 8308 737910 267768 
806791 302406 722727 241768 790968 682441 888894 408797 424446 722329 
966022 9695 711734 310234 533562 24831 852437 805666 342047 221012 
709020 637188 132366 83472 615530 433018 891856 193213 621355 394350 
405538 192090 440366 733029 801879 365324 49237 12553 581853 30211 
204133 151953 260439 132138 634685 543631 304490 251594 325092 854357 
519444 999356 395195 164549 896694 361865 257617 753780 341746 556448 
257493 949690 378799 239858 247526 853145 311225 510894 607111 167944 
704646 350420 46958 978523 380371 903800 48251 253200 425005 587606 
998918 946552 613324 279948 973137 867904 995866 991928 786717 858331 
801873 484910 645656 194830 674370 186518 464563 738135 567089 594785 
747922 798779 987294 730790 939357 610731 950943 635805 171188 782354 
369128 410870 932607 532477 775597 966999 621091 349800 26334 673713 
902800 626849 471633 177790 10615 851099 910782 412313 739865 858962 
760291 689657 718523 369877 653512 527243 588598 609973 598173 671211 
568746 419912 390271 902784 478035 528538 181529 825137 846067 234994 
167527 651144 484143 430972 84502 976609 553846 592472 24200 256718 
279708 581758 365235 921099 575109 573835 972457 14041 153788 752493 
168434 220345 219043 344168 532437 536518 476421 135234 555702 55983 
523335 155345 439513 923792 37374 410143 491332 1901 833178 359159 
624963 432522 144703 834191 407493 515946 949940 810257 174116 642594 
366772 697224 692802 328920 674146 679523 87694 77725 639578 725481 
67622 282917 498787 155386 776983 664607 219008 61054 277696 179125 
206182 269164 860628 339490 987783 843961 200893 220906 859404 145883 
633694 213627 242594 288568 994737 367966 574060 440240 78224 388442 
498326 610564 214927 391525 881545 162273 177733 905544 908666 78221 
575340 173646 235742 738797 985182 921320 426488 338416 616063 454688 
465682 791772 354234 384376 179850 948531 722532 911263 608259 423233 
537468 514383 117757 687173 625300 360006 317695 98426 536649 43614 
353777 925888 940397 649547 741126 37612 467462 324081 725974 136425 
14704 412192 428809 290313 718237 703597 487087 285548 541437 134574 
895533 635147 626552 157201 379667 896674 362328 108761 183176 673016 
168644 582135 578534 628364 491111 339393 425699 601373 223984 679697 
377956 717718 231666 771389 565174 474005 119275 850798 44375 694551 
554337 314975 393134 184834 320872 913780 966427 852877 150081 529268 
496169 365200 82525 626981 119072 971556 563263 666755 437559 263094 
5439 272668 245095 151789 542890 384971 259931 715829 731783 50446 
678340 304552 176436 590343 77064 128345 448303 482252 493786 510972 
552562 212011 879461 20789 682165 199805 88289 759419 625111 950757 
703049 307497 325847 151974 183075 651425 910076 91038 153150 500445 
324373 10531 770490 786644 42267 498809 249793 812037 879346 53293 
214292 4962 71886 870032 725952 189724 414835 273555 181359 481607 
160980 777852 578714 443562 512669 707971 391644 838630 80396 606667 
998114 221568 47802 683264 62655 25869 784952 229321 102748 135481 
519828 86378 582220 362740 266747 428858 348734 495225 428600 174011 
363724 617787 396123 471963 243440 920623 881333 276230 399958 635185 
413887 278886 858764 881940 815514 484728 244757 300681 625777 554060 
824478 377898 520954 532953 192904 487780 273244 812026 46884 325503 
980651 572809 532476 836812 957518 150103 88910 340522 63426 575557 
42516 61812 213047 729217 479294 888650 756952 336673 707010 646395 
156136 668181 610761 460748 128392 633868 648970 534823 796949 811238 
345140 8099 371054 493649 991045 799852 408659 7171 170360 384399 
812136 754706 618459 334949 165657 675763 378430 332825 132633 232653 
910919 275287 348035 64249 671331 93970 428577 876313 866391 519474 
507338 299282 312821 855833 790949 811879 217385 825681 622156 957299 
172019 882708 92173 240578 296175 650102 838858 583437 893840 430067 
420096 946449 735403 246097 469540 346699 7727 587313 668649 975954 
176627 838136 485215 913104 671080 662676 565365 316318 510893 258030 
640799 249660 80002 701739 32466 678762 315732 197405 737388 269733 
140534 347148 312561 526465 245489 608413 97969 564640 867634 447197 
957253 469516 999394 21869 523448 661431 266835 38537 310466 329868 
998229 146038 311022 891761 690025 973384 326878 257308 83789 765645 
27557 978895 82934 189466 855762 285233 436124 894576 521676 484682 
839535 540554 22617 365275 213415 367877 898937 486168 916793 743020 
616239 147075 419749 594079 404831 850983 920684 853984 850514 508397 
837407 643899 178199 222302 4563 858383 497477 993141 947633 988348 
370395 545632 754666 305835 351496 403987 130503 321268 677766 617545 
199902 858097 865632 841177 856608 973725 95893 808881 994256 717607 
756757 558641 749390 693401 365480 891046 542354 749216 471470 698081 
239924 824759 921601 975219 582119 720308 548918 926792 782086 799855 
811715 79262 456390 959755 906170 208224 656716 256034 760563 111971 
775896 270865 888008 406332 766046 520797 278330 232827 183989 573824 
348850 265673 771049 630228 348001 719514 713003 961691 300808 706382 
547432 171112 382420 405610 382390 579502 210849 531629 883115 755044 
263903 628114 143880 422289 470930 516514 788371 985145 622323 68339 
813506 638308 891124 447296 569107 313991 575649 116134 303161 956882 
237282 65017 290544 688533 571485 926849 798449 213904 244344 745428 
895810 991573 636028 577361 936485 524188 288917 57462 389424 322659 
638646 839263 654524 310720 397721 217756 357559 465220 403300 282029 
776021 363406 915175 374044 453219 194601 876354 913720 915516 656675 
645540 90921 521428 935531 520877 555829 446258 48933 688117 389582 
202170 958030 739750 477525 843496 264007 544516 640751 73881 501440 
75790 761410 194691 634178 537724 291213 264325 570584 404967 708450 
905625 715291 837384 335552 774566 852185 597080 50385 458227 957858 
864471 228412 712693 547950 160105 524392 367881 137902 298586 520335 
908925 520749 824322 339194 532552 933219 538756 412190 232282 681879 
481584 198547 388302 446381 485768 66925 716029 75987 483808 793529 
900908 86340 500639 576406 593061 129464 272674 136237 117987 263464 
422079 998414 739622 109121 507942 278120 460263 69285 642404 274341 
302822 423000 462209 309792 803423 291981 131018 352836 928155 421070 
258985 896514 492194 188802 978288 263406 635789 664030 404148 242039 
369146 453739 405142 520001 664154 433263 156509 41505 31268 542075 
950847 611188 940204 774480 632255 325660 536270 923887 825008 123608 
963524 839420 691415 535231 514392 97998 129582 354009 613491 457494 
217797 783770 730387 275305 602435 326268 348699 968427 98507 505080 
687492 279322 572986 475488 684401 573876 444620 775004 125281 348614 
653470 920447 25214 977363 117966 767173 584146 962461 564030 107 
321881 139282 307640 846891 268721 385942 733291 53715 927598 152041 
153876 687169 974218 617269 986808 260157 631737 37047 323661 597107 
123867 589639 231225 235275 620427 299845 354802 417511 2452 467426 
796164 389241 417156 484808 614961 553598 838296 484007 618162 606426 
845910 999326 699100 418897 895290 102850 269726 456991 678920 869645 
874983 325942 495872 15782 49892 831058 962032 80328 384487 194362 
263075 911890 719651 974612 51191 731692 252372 813477 166925 94992 
311419 585381 739033 30268 862727 598139 363033 343027 415439 313242 
788642 801834 981244 682615 312277 443094 831236 620902 212657 671055 
44433 775056 363074 138337 398592 251859 817464 870000 84804 320566 
860050 166021 306923 827336 607545 544121 207609 801748 615529 290300 
453360 258690 665738 876739 950961 88909 301661 235724 151228 593052 
156562 926351 523924 88896 49718 220483 852414 530057 880329 746441 
619943 891461 318701 915769 368869 762390 643579 401480 896406 514223 
401584 509971 818085 746923 807749 96714 553323 72650 865436 729339 
716913 680200 99606 971706 280724 767131 771393 585451 510786 85962 
480431 306092 302752 566181 254754 492321 853646 684901 450531 506717 
376514 747360 812914 399913 874257 899816 867927 823349 73292 274050 
332375 202585 783175 158334 131586 158598 798965 560504 885033 24781 
211183 828841 656174 582667 570387 115498 250995 919153 493449 359431 
685364 379756 646369 727292 884017 973877 273240 951759 137923 182455 
703674 16841 226960 40279 287713 186130 878298 397797 381083 989416 
927281 910943 382826 897596 857673 760924 245796 631145 75110 816348 
932539 187217 225076 944553 394007 5206 675763 15529 465183 46130 
179407 477507 957463 258356 293389 157228 576868 226712 870690 547597 
101162 125185 331486 400787 707862 252117 64197 667474 789815 235061 
816446 377239 45383 27800 304805 727049 847816 151811 904635 730618 
977482 929639 640765 738896 129737 620758 467986 868490 915059 28195 
920093 245937 374086 825942 790195 426270 132440 98825 604774 621154 
859249 740707 293056 218389 72850 679278 81996 15102 950489 293718 
761358 449756 364988 351744 124626 863375 452787 506884 705377 667430 
36018 682825 241361 444614 202452 332540 194292 24947 642451 55725 
318768 842622 625332 949766 503535 968651 23936 981032 204908 846142 
630700 298979 471406 214850 90138 427346 887634 725813 497016 107921 
138624 482931 510342 146781 320 125758 555638 220998 54117 588551 
3628 890003 837863 223515 594405 966322 676175 568045 895540 607770 
774475 309628 110566 837247 495841 801697 296839 220913 976576 913847 
297790 332178 191218 648167 89427 740466 125487 851214 877585 714953 
562635 836878 815367 93264 404238 556718 509096 48316 683044 534639 
739538 2392 924971 389804 212716 540029 957674 469612 194152 810225 
262178 631048 80872 207450 957628 159219 963836 371101 27745 526891 
177674 387352 656937 807867 881735 94712 162987 257002 333473 574583 
985971 294084 351679 869365 183569 25154 637728 970162 159502 303832 
333728 473446 909242 928668 811929 106365 84769 318222 932646 990514 
35228 516360 897475 156743 689091 23939 543376 730206 605184 444675 
318708 451064 692735 542560 3998 937735 448705 126387 757543 822193 
457488 350361 398932 970276 580941 269415 311927 543440 405669 378922 
454516 324294 448738 838617 262497 287275 578973 641818 712135 381976 
321681 552301 152710 698002 432588 156025 700949 284641 361791 7345 
542758 899279 612148 88867 534887 881022 406494 968861 294693 278758 
8652 27708 773259 901547 50744 264146 893449 585175 674556 876723 
481040 276089 522020 778076 157561 541721 891038 583809 995397 379414 
617870 643634 358719 739231 11838 887337 993982 39754 388659 772658 
290503 895252 673179 318007 663503 905078 783970 142311 967901 598944 
512419 344643 306190 712212 896763 644037 538226 491170 713018 370285 
393748 688188 349491 762409 248344 566133 954803 441952 969468 58074 
672718 540315 40897 813421 159444 472848 996131 125946 596131 414477 
92419 565081 703958 97213 378470 673151 212251 786458 358934 533504 
483555 611824 673766 966373 384114 505162 508883 440165 189462 682363 
809926 910276 804340 966666 8438 746949 962750 689851 793003 385613 
741696 489270 241437 906582 950746 287255 501755 915724 183368 916497 
858247 961608 207645 58175 922334 693414 476623 209097 846614 700293 
611371 178543 643840 190874 783529 795445 997964 530353 725402 748971 
101452 127874 249790 754520 439313 313452 473010 847043 160945 121296 
78726 431261 73579 542669 253165 632782 969569 260819 29837 310554 
505347 23398 603959 562096 130317 786353 656496 750415 638054 871172 
793262 589973 488873 282156 947230 984038 411009 474094 632674 829941 
194606 364128 251033 874994 837092 933155 760278 113872 928402 8128 
339186 916082 972864 358046 699452 220209 652625 801053 805519 925900 
941288 670419 397117 307117 644519 394721 680423 315668 74067 970481 
67630 797474 461203 123022 269060 403524 531991 82015 677404 750842 
843094 306497 161856 979203 79407 572800 203712 265703 376241 446322 
972936 764065 77558 554993 945995 48166 248554 96627 928860 738646 
31914 177032 340699 418814 306183 225263 458444 33416 285609 651348 
616515 459648 246992 941162 391868 144835 870326 266593 788423 230662 
462289 634756 270560 622400 455092 560115 461660 814261 948309 257848 
231936 21409 261289 905031 746988 984893 924524 784790 658549 639664 
824765 523415 400400 84309 861925 345295 641385 101285 60088 391764 
14483 356289 629140 988647 472283 411615 851014 991019 543285 647758 
503693 445442 491032 246823 833718 985347 603237 716690 40486 7257 
290050 476466 316982 906875 429254 622958 304952 427075 764429 763421 
5720 620910 659242 835277 803998 651631 455612 758320 849616 467376 
669529 302692 203317 747750 601256 238814 510964 211151 597451 537202 
482842 120139 671289 610049 455738 333140 157481 69055 904046 19228 
417642 447071 228924 846530 752912 552286 155349 449136 730184 787177 
460983 728723 801869 270508 253553 124664 474803 80057 211014 186240 
751329 506768 77291 6208 161692 874577 368043 480887 36990 217147 
906667 438124 981701 162016 875847 137060 222599 162471 182682 819325 
180611 976893 400157 942762 5203 255706 536423 836492 197759 651884 
315346 820777 442987 336546 434366 609227 488560 609302 864175 210807 
439879 83799 960786 861577 134241 125138 758237 178537 761877 929757 
703443 190956 929009 504865 612071 323721 271601 6753 922168 398901 
905550 552683 944827 59678 395309 499929 603575 43009 999032 984196 
58793 977577 629386 325767 890695 587269 103556 843115 848610 656292 
471485 706932 511716 131727 346454 247431 973369 900739 844971 113270 
819851 452937 79269 136618 76901 160308 822700 971180 975865 760119 
30010 721296 752445 66528 161163 593470 228911 757045 704624 349854 
873145 736745 947587 610079 705201 812731 798581 334181 207287 530924 
396035 191181 282625 840987 527943 61662 566004 490238 157931 529293 
732200 718271 719608 273708 119054 527665 816460 208753 173678 347373 
121322 46175 293192 423821 337388 612819 847452 308804 925651 710701 
40838 833497 985663 1433 449153 467006 471546 310777 521612 70545 
192110 172721 475049 410158 452919 883982 317314 516143 96467 967252 
73639 207425 242038 210594 933554 15460 358651 89604 314764 313087 
624052 837141 378824 179293 9314 956687 539693 944456 146432 107953 
138577 704576 958266 132043 307872 440024 683899 198249 375356 879150 
535972 912218 599742 945093 937688 145052 64795 402049 704820 860581 
380195 40318 242140 395216 47202 52300 478896 45219 992105 995787 
93278 634425 336039 205088 544402 993488 293744 29073 940616 177969 
352160 51139 290753 782008 797145 49933 344083 860927 936103 79416 
414043 185515 965893 191509 379407 680082 258937 721275 122222 142792 
930522 123292 418392 894469 430386 723203 519354 420404 616702 387757 
304737 632858 419410 809921 864432 265505 307993 256492 504941 47169 
442042 872925 107445 775626 296087 394778 285520 837136 714607 94078 
467039 839859 126755 96912 802930 865033 453270 692096 451638 469227 
834797 278528 878155 18713 703734 726652 756212 578379 506916 915640 
182760 480597 272568 408837 289413 721781 603900 420128 509860 496252 
621738 718567 160903 9559 712617 98937 452783 958458 569079 937896 
361227 470696 319522 732893 305610 823712 983984 25737 666321 749159 
840094 57220 932232 783727 935301 911236 484431 924257 608025 837691 
699983 603788 603596 900812 791979 956457 64848 332844 247316 703626 
850041 339922 911484 603679 590720 57050 415266 768677 181604 654972 
622348 807916 77034 689635 210707 108419 522694 582701 821464 569666 
886610 286398 421652 619315 108475 198785 11085 887837 375547 158204 
894181 674799 340096 625423 534029 452486 517740 926409 653654 112155 
222390 281959 695976 168396 667821 561834 12811 650693 318749 859604 
585699 913227 210314 865982 324025 106341 708441 804441 540212 285863 
297102 238783 250278 122524 90864 877173 130242 256783 932425 834112 
383852 187702 691338 435360 91561 331004 143883 293038 411317 25962 
503471 316557 701492 722673 354342 590352 810048 7894 996684 915752 
31329 733114 403438 282120 197850 48453 584493 946647 385568 694063 
944828 661137 396262 627754 342532 56059 472275 328303 75174 448513 
556757 122596 278624 445485 84559 27495 451401 866182 470254 381498 
243510 480771 393433 671691 693055 661482 654023 786014 965084 645450 
595050 354713 866984 920529 151817 754284 918472 873035 363755 622171 
489125 884984 714095 266857 189332 436680 56185 13474 274583 712757 
54471 786310 650941 931645 839073 968525 326628 694715 521007 24987 
304159 587617 585316 651522 675890 868500 466712 754158 242682 927524 
606004 481841 9514 205607 110983 702636 736176 514353 77621 255254 
28470 876209 723278 195052 464068 774315 948157 61429 20866 387213 
515031 989105 92955 450417 664147 552606 666302 577070 766041 406822 
268926 634459 751987 9832 777241 837410 52000 160545 150422 176060 
481095 447031 553799 652302 288329 976354 615598 651808 516655 296887 
127868 184630 256066 475794 285109 565901 117434 199712 159087 4403 
811662 596679 821944 926787 481770 165106 189143 832764 582847 545596 
139627 986622 70068 183864 203889 250784 895930 499995 776225 844976 
808125 397639 821687 771464 719926 983540 17103 963657 864541 735485 
333993 510327 515324 574021 229389 322609 447007 237892 516808 711563 
518632 746930 149204 341322 814207 175694 389333 253819 470566 714443 
807360 116016 720938 736472 68502 912088 81973 799498 493582 162554 
13889 277737 667025 238734 291431 706324 292447 271416 261781 1617 
630863 994722 669278 115189 110707 718196 701036 348460 474330 165043 
150736 863654 750511 669299 194810 994527 638590 690490 857796 592968 
968663 446387 675048 357399 975883 690443 880594 690664 565907 775980 
858385 800142 219728 974612 716455 996539 287854 932305 878527 90503 
341281 503643 713662 274272 800785 291470 147506 272975 901906 505026 
370087 132643 375756 855817 605656 536188 586362 966724 680131 707445 
911502 391458 891349 730351 597489 947894 320325 32439 994791 813684 
405309 287955 627153 570825 697970 667630 39052 92500 683540 170973 
665463 814724 94241 280781 151507 311375 663893 684172 525059 686923 
806972 969840 975154 402029 120871 792743 555283 267037 41341 934301 
993860 18098 161001 538116 340684 114127 162417 542147 828099 138585 
284007 153469 892433 124244 879224 209276 544718 158425 579425 691770 
512905 289334 824130 345356 421156 440162 811787 719147 801820 919643 
844690 991201 216551 679710 11335 119117 53238 893058 626239 694994 
32858 489778 653932 434338 750467 851205 883630 507106 348323 137532 
13570 972475 337840 260887 912152 209597 508489 283412 177347 88559 
734832 861061 387082 150583 262070 614797 617051 621218 470516 946359 
612831 232401 290165 645810 230633 665729 770673 301357 485128 862517 
854708 162315 421563 367298 962910 331843 769540 437559 522179 577495 
191381 832679 128690 842095 566055 348372 88275 47250 530282 432505 
61546 760576 407767 686516 102584 11118 284193 273550 754048 591518 
486857 120232 913959 973659 818513 388997 693364 762830 598408 241582 
481400 736896 59716 866054 989447 88109 688110 248554 480228 303361 
222135 271748 650299 336498 452841 686317 981767 669945 678936 821180 
592340 196718 133687 44208 764511 183167 700294 286261 595545 851596 
276969 16022 186250 222690 478229 654976 678866 924179 866659 813935 
390987 413935 593991 124728 482827 444321 889050 669681 546694 147943 
677971 666496 261520 379695 974484 906367 188735 611211 933536 480393 
680431 146577 871979 995876 123039 128722 713674 9099 49272 669877 
784074 966230 412846 365551 485404 711368 773375 874784 186541 796661 
958873 614669 441428 777934 337240 277302 181413 166411 735277 595988 
800547 338291 149658 880177 723538 85643 708249 563235 274921 615577 
585757 159974 938278 782995 22704 677397 469500 938089 758715 846341 
636072 191340 992292 556222 182241 614937 297362 385623 519022 173830 
651852 597165 529681 317928 857151 108864 713249 305919 743838 757098 
988725 443102 75556 854908 802492 431066 219509 659958 226730 782863 
649698 440995 182157 515722 858571 659855 270334 814614 509983 734694 
286706 313830 335743 672427 464304 450140 604289 72977 294045 90100 
891089 581945 698611 404816 415601 675273 567632 185888 772320 384805 
722475 616429 738201 196173 183137 421251 150514 979411 190574 361017 
746917 363831 590839 691806 592876 797665 651779 676546 428677 747002 
801482 617054 708629 860327 302886 276641 300073 942435 216102 89239 
795031 983415 446658 668792 270467 176217 225512 168843 606270 149215 
481844 76981 611592 519262 426751 359842 832822 674531 234575 7439 
628335 609549 108460 863089 839824 373189 513874 423557 693295 461404 
210946 725557 644285 624383 6259 219300 992197 265305 54502 224662 
442833 362438 817303 213055 296171 701423 90383 950951 588737 185414 
65174 535798 714082 87455 979654 500577 215269 757482 309115 846705 
84520 258889 967335 636653 947830 721554 198082 997412 558146 358242 
689694 57113 510160 496028 196568 195467 900275 434557 465195 920735 
71345 433885 770270 918444 130050 284997 253022 286947 822903 264615 
718246 940313 44408 947262 37530 887731 21478 984067 434420 405165 
966303 354441 238677 876871 14623 869302 344509 987532 595268 336926 
187798 778560 400682 530685 6058 451685 484148 838161 753718 267626 
107692 663762 301846 634865 14338 841807 398303 239099 481905 984742 
779787 303155 471039 533408 830351 545427 644835 861671 123849 773623 
637568 396964 525333 729916 904592 768953 64703 777620 932188 86744 
616850 83818 389863 38718 416911 733740 528235 507664 197114 920122 
149947 766608 693390 683625 971783 184380 115408 459380 619646 386051 
670720 93055 456462 615461 746028 471817 676743 126758 835424 250351 
686429 789742 113720 643287 429068 958528 657942 603391 118166 223573 
437230 139682 698792 418708 415358 874372 397019 166513 115419 54171 
752981 384927 27687 329242 41872 370035 234207 850330 685043 224279 
469585 252967 63324 707623 632170 732453 458047 280043 666413 573342 
5288 326257 121600 133481 592668 108295 124129 276919 80157 206866 
57334 381693 375437 731150 48769 197818 341226 498467 484018 638436 
74168 575584 14870 239859 139324 793302 127726 56905 427620 389652 
50458 787836 670788 922554 884724 267970 705019 147708 155834 955640 
516276 612597 876707 758287 338120 536933 834642 557331 890881 267849 
903016 241433 985786 262358 655348 860613 174818 700945 467206 870389 
688479 207757 672929 87438 146767 580290 83278 73569 907049 1287 
60237 212089 856002 237293 66087 904835 873260 900279 792671 669850 
685561 62585 527174 489967 769117 804108 986030 129362 900849 354411 
602870 737887 367956 501613 566020 440391 703468 805151 891090 7482 
623178 392381 718687 304622 518635 894221 316037 804431 857179 59609 
808874 398595 151541 761991 513040 811544 447557 261014 926024 741133 
90318 833527 926468 632442 765351 960902 246985 952988 641984 561699 
722051 662145 422274 186865 200498 924300 91477 958315 246595 470374 
224379 51230 175546 822786 227033 549319 926858 555082 804566 689865 
986311 949995 188188 934474 453810 617018 311420 130732 144052 331585 
581422 482275 886310 481259 190261 56632 263117 267015 93665 964121 
382307 882684 71406 676890 918224 658698 291594 828620 56120 177592 
594804 963448 921389 110560 513600 982585 836421 245651 95479 591027 
841671 21738 433307 701812 861823 78058 658632 337829 656113 541779 
215541 359788 635946 482117 911834 6882 460081 745104 71916 89388 
854557 616598 858180 622904 88384 781279 102749 253846 40193 196793 
120188 542384 17736 151818 739626 380520 864594 224692 161501 152716 
938148 9827 520629 289720 133916 669174 366306 225929 751074 785863 
331234 329977 393214 459289 6312 250140 673668 811229 221784 197878 
883818 527841 345967 56567 265530 833622 149056 852500 714146 58300 
232217 758978 614121 361772 253956 500561 935868 926017 94889 981924 
87335 222308 214993 977865 961311 264691 332037 618489 725051 348430 
775189 335021 342339 743614 77556 217114 411425 136641 453057 847755 
605236 663862 264992 129947 399748 272737 900423 792203 775887 557852 
7893 593798 107906 231963 216604 885038 304003 813402 422143 298018 
502443 20965 129463 405839 128721 871555 303728 55408 913538 935680 
145680 536355 567244 135382 212311 344041 675513 230136 529377 624826 
50714 828282 653577 278595 318201 857056 897576 722109 346416 510337 
862331 522731 117719 105047 766882 580272 524184 416294 601157 762378 
141664 562951 961489 31535 633582 464785 798304 74306 617101 990370 
356535 689202 313182 877647 688104 139568 241743 488294 678680 578378 
54568 2460 557979 545129 944004 996696 223739 148131 35612 902682 
220376 212030 770879 137290 100713 100482 698782 229273 669793 985274 
96963 373590 912236 214791 627170 584399 784024 336992 294856 249505 
385489 411561 495152 113055 667269 769007 477685 506843 505830 589374 
818081 651028 572365 342368 121827 795964 850748 661106 183711 335332 
743164 229924 615200 687366 172325 724748 845993 980527 941116 405544 
158825 221191 414006 154414 254220 121790 84699 238802 839022 107221 
272070 642068 859050 722566 478985 200962 902097 603601 378541 126737 
257654 979429 776342 788564 66982 488423 197253 430615 301366 806241 
333880 688987 907700 277514 68908 187373 185535 517934 798595 521637 
660083 836154 946304 880952 927676 64422 856750 946043 221324 429119 
468385 249397 482983 632656 267412 456863 88347 424236 668401 237434 
899470 618715 495984 183053 568176 49631 136343 17146 99599 910049 
119135 560380 905608 285949 113591 162879 383899 857511 582689 610332 
196696 336248 365179 810992 467638 725721 127384 708504 140419 379978 
579789 806794 529461 360208 557704 201299 49566 633273 498522 804969 
618814 794381 264021 108716 688754 250195 295632 99198 138187 580284 
342599 42427 995706 556529 628511 133207 940199 390580 516104 592531 
302816 385205 630780 132188 558958 741876 918436 63616 473156 873613 
531929 584461 71441 865253 912775 398856 248692 838191 625134 911367 
536463 210012 112322 356204 534709 524957 575859 696958 283709 516886 
99463 603429 674680 211424 937698 433922 543871 858043 292328 254889 
806245 328975 678137 296444 35339 413085 20571 842213 537555 347399 
866614 895279 395693 139896 235896 41409 353101 301873 187544 351609 
655613 668849 855288 69537 550286 114944 413732 239313 992490 714265 
803448 311969 411909 975346 569310 62408 887794 133609 215155 348246 
642194 603021 688971 654346 899239 299141 489547 869713 404934 802785 
182581 764572 821163 349627 915009 514204 169574 434121 885990 11357 
925684 534915 421368 377020 452521 458923 424427 824006 103240 442941 
838837 807087 527861 990197 997074 908588 224641 505208 840673 756269 
928037 734560 7212 460666 834570 805991 404933 18921 275973 331887 
44363 446330 393248 853739 544396 511887 725331 573102 131012 606731 
909906 400078 122628 608581 165760 51444 933358 268713 31169 404547 
643613 155115 746925 855907 961633 938345 237408 984297 741543 10141 
314542 327269 898616 705403 400820 998407 759704 548013 802761 930670 
401358 633257 308820 520783 521796 390507 818999 129534 807620 422676 
65321 710940 628514 122655 71458 591390 337529 670012 137455 92149 
573581 695243 724837 906783 714448 413302 211186 841674 816512 762795 
55695 180576 679661 773557 419026 133492 699928 241462 843231 190087 
442103 738179 273278 97718 614422 267804 343753 838916 562967 401222 
935612 344064 47322 758663 135727 88339 72247 492862 539807 848424 
841576 575132 46888 34360 672708 132099 636111 822833 59942 263737 
31227 787714 281260 506568 933188 256773 211675 370230 515428 98058 
488928 948444 769739 763772 816754 805286 425998 483251 594131 